#No. Label Name:                            R   G   B   A

0   Clear-Label                             0   0   0   0
1   Other-Brain                             235 229 173 0
2   CA_L                                    253 128 2   0
3   CA_R                                    253 128 8   0
4   GPE_L                                   102 255 255 0
5   GPE_R                                   102 255 255 0
6   GPI_L                                   15  128 255 0
7   GPI_R                                   15  128 255 0
8   HN_L                                    102 255 204 0
9   HN_L                                    102 255 204 0
10  IC_L                                    255 255 10  0
11  IC_R                                    255 255 10  0
12  NAC_L                                   253 128 8   0
13  NAC_R                                   253 128 8   0
14  PU_L                                    102 255 102 0
15  PU_R                                    102 255 102 0
16  RN_L                                    252 1   7   0
17  RN_R                                    252 1   7   0
18  SNC_L                                   128 0   128 0
19  SNC_R                                   128 0   128 0
20  SNR_L                                   128 0   64  0
21  SNR_R                                   128 0   64  0
22  STN_L                                   33  255 6   0
23  STN_R                                   33  255 6   0
24  THAL_L                                  254 204 102 0
25  THAL_R                                  254 204 102 0
26  VPL_L                                   102 204 255 0
27  VPL_R                                   102 204 255 0
28  VENT_L                                  230 230 230 0
29  VENT_R                                  230 230 230 0
30  VIM_L                                   255 255 102 0
31  VIM_R                                   255 255 102 0
